121

1.0 0.0
0.12824925552700092 -0.6065195661020822
-0.7585921353870946 -0.11673950714463417
-1.0179674976648538 -1.2268465112207143
-0.18958588008725108 0.3879409001025498
-0.9287015823067732 0.5376519343005866
0.07484259163624737 -0.955479442590955
1.5100056995530202 -0.7509464425809487
-0.41351469562713067 0.08159909265029704
-0.13219197663917973 -0.24764503034511715
-1.1089027842172818 0.25542905257819887
-0.31543002801867626 0.021431442193320428
0.6185746329207421 0.5506715038179929
0.1808099086227114 -0.5146799899272126
0.16033033856626236 0.39882731676886357
0.318589660997554 -0.4759015645005146
0.4129330054222864 -0.17251753218170535
0.06352352512377064 0.3867347055481527
-1.0059867201108512 -0.773739042055288
0.9382728147109372 0.10963730486655959
0.23195324427084563 -0.7020908943352283
0.7500446390557677 0.40219294867325117
0.41699498384678363 0.6398858686591659
-1.0981650501041227 0.29690173591083263
0.06841576821582611 0.6444291252970802
0.4066457452063304 0.47418616162356203
0.3474187867104074 -0.040356723545731395
-0.22058871797551866 -0.18126324216279055
0.39428467613029566 -0.5576191109683332
0.48440666821696443 0.41112293065005345
-0.40691972656005726 -0.12890121714214542
-0.28537137147430613 0.5707257737158528
0.6274187666221437 0.5668193285907577
0.32968120303105164 -0.7149422427461025
-0.5386099714243686 0.5340714454664487
-0.5536006142348501 0.5547973943602197
-1.9135545337296516 -1.2493110339708542
-1.534868917883527 -0.43764964293831593
1.5845502428463283 0.237853504613765
1.0980353517903907 1.1291192096359592
-0.8742311183595896 0.3484863441110162
-0.17329811880168158 -0.7889825330025931
-0.2189953404137767 0.911132813593346
0.11343759657192203 0.44122167407188945
-0.5262114537884702 -0.033447712402816576
-0.6502792251928253 0.3878908671705688
0.7275480429070459 0.6162775305565901
-0.10188320997820245 0.5554880011990146
-0.081936244871233 0.43885541030074
-0.3975864011382554 -1.2519526170897868
1.088099467322447 -0.515189411368205
-0.057217411259794786 0.8793716949770408
-0.13633529798595323 1.0137028763819456
0.7269229493751743 -0.3595603699223696
1.2390269261631044 -1.064419379141616
-0.36534983600341897 -0.3342063948941923
-0.05916024254490211 0.36395381771567864
0.6541078152408568 0.10341138625650584
-0.17546703721820045 1.7015222079336798
0.9766176291538281 -0.9753020781818791
-0.7625141799553242 1.1059341048480484
0.3576746906876024 -0.07033426966428855
0.4432376884755271 0.3694760664010733
1.1325230113923248 0.029721494415484242
0.7054490404818462 -1.1653654766165598
-0.961717000336418 -0.8895786688984616
0.45674297539184194 0.6505947928840341
-0.5650089370975904 0.9876821860212773
-0.8426466034143819 -0.3613985487906335
-1.1085025961291841 0.3369007171501145
0.02577244117246139 0.2369019999888301
-0.42349002340611835 0.27590826310239897
-0.37262716259035045 -0.18324837896905896
0.7440156500116603 0.390321050273649
0.834021234373117 0.39954542312685803
0.31342976324833166 -0.7736781801084517
1.3353739378921008 1.4523300600181752
-0.3138015452430201 -0.37812520699909
-0.5796679918037709 0.007386666186359513
-0.05162872426308924 -0.4072320120634019
0.19630342867630046 -0.40916039783065006
-0.17656330759657957 -0.497439153767481
-0.47094358796408436 0.32418357729977404
0.9296968011754371 0.21889694504836632
-0.029190994878946393 -0.7923059992778532
0.9606230690619698 -1.6498614292815257
-0.9562914131414927 -0.13282026238255257
0.10769003436152937 -0.28186877777233366
-0.21460878009599652 -1.1924232537292905
-0.6271596786503735 -0.10973518960108847
-0.745695163162394 -0.08673739279644907
0.5080970159605664 0.9992974351414641
-0.9787381354536265 -0.32355868849714664
-0.49275690437224334 0.18071911115432865
-0.3704083246269491 0.6428314783474034
-0.2309121023081428 -0.9973909800437493
0.2769357604681279 0.4265898901219749
-0.3405111047568544 1.4028701144361149
0.11094299798431737 0.4526708264510849
1.583744815024973 -1.7107195553269796
0.43108113727967995 -0.49872289590062585
0.21354311147596217 0.629538252789412
-0.06920773158958404 -0.23081890458718468
-0.7624062015355875 -1.2780401832179247
0.1315990700461922 1.7438085041650555
-1.5778408642918615 -1.0012160937255894
-0.28744238096210695 0.6043886399278244
0.6468646742311567 -0.1265064572086746
-0.6034168820789069 -0.7603049477753357
0.1327736779080651 -0.4382985232412439
-1.1217105815887087 -1.6459589958729766
-0.9621150630954848 -0.7754134627154696
-0.25520989394220267 -0.3494729378527772
0.382332202060917 -0.2753406460953051
-0.1375979999586887 -0.11735911592324882
0.29457228622818754 0.12086968203916149
1.2270333829471203 -0.1584669332717364
0.06662797414524488 0.23842911508000497
-0.03830097819665255 -0.13597857283395548
-0.561290487113119 0.5753026931608006
0.47850226130168355 0.03678409543289172
