14

-0.19161088341940935 0.6486357189110111
-0.7440792837877768 -0.4921327288015525
-0.38839191715281207 0.2193471521679988
-0.33326792329428334 -1.0602468266498346
-0.6381805367850619 -0.1990141604377965
0.8471858490121208 0.54816499343004
0.8096436792304538 0.30749630820303714
-0.33673507556940313 1.2953235389618105

-1.0330945002199323 -0.6448221496689476
-0.8395370400749559 0.08474559752299235
0.1279438796685856 -1.9401708185849391
0.16473865017129052 -1.5701805373468714
1.3353352939441396 -0.3155600023741828
-0.5947854934439276 -0.20039338295535133
0.8309982380869316 1.036618744085313
0.7066966490490498 0.9785649338446768

-0.3041838247094949 0.26945702249143916
-0.7967870389727882 1.8501475553611373
-0.8772497016341295 -0.8353574637256754
1.011654360506735 -0.051501582835304455
-0.08228090643666798 -1.1673654867984864
-2.5913460513479865 3.251799651259672
-2.062422875913818 -0.13785023421308742
2.635878092721999 0.29881031200930647

-2.423136456293886 1.2026995158635254
0.461115726736598 0.5046687577340979
0.7448313316934346 0.6055268542205688
3.424676441690835 1.405654485143111
-2.1902785620576686 0.09392756983027592
0.6648000320079752 -0.11459860149840922
-0.15800557548687882 -0.16170385916335556
-0.24739348993427215 3.287861641387524

0.34162795917758765 -0.6011427854495677
0.6080352537838148 0.2912535733168259
-0.07069650496211982 0.5206918937348883
-0.16408322820983307 0.651782828582412
0.11017317016090622 -0.9565524820738224
0.0648909216792933 -0.2843828196649039
-0.5326057840263264 1.365834554577328
0.5575260654119044 0.8004445621302251

0.078321098764001 -0.06392207124584882
-0.25419518698644206 0.07270231212062948
-0.020830819108653878 0.06466734522913768
-0.8859686322677718 -0.28138833184989637
0.11521765970536989 -0.21969187905915447
0.41937693484630656 -0.06363903667006195
0.3078281545613705 0.39793315492235637
0.47548442311809325 0.07661330296115895

-1.0573858407308552 1.7051978425886618
0.5145187444515397 1.8234920606297653
-0.9239632897923262 -0.9759282380988126
-0.5291972830735351 1.9593242919263403
2.458246653493565 -0.7029629654418365
-1.510243190039911 -2.347077102324304
-0.8689899035073128 1.1382364286576558
0.5355334619903803 0.9815307969227866

0.09593410239345464 -0.6415431015141618
0.26583637744014826 -0.5898481487356216
2.656789967658862 -0.5121095267373416
2.6739229951964307 1.3766572366232421
-0.371088228970747 1.213921719260913
-1.1593645307579474 0.08011033000403472
-1.5447212462433515 -0.6786120962910891
-0.6381134819460065 -1.2971799705844098

-0.9088808963322631 -0.5322615415313449
-0.8114918071245614 0.4135891824355415
0.2299549938265225 0.04159721392254044
0.7117434941562311 0.1668188010136256
-0.995937708089412 -0.09187660134056204
-1.2708099643920159 0.8624345367406835
-1.987770837038237 0.8178790474514653
2.137675600971636 1.879760338000367

-0.5462202943343063 0.5768067259816447
-0.3690303922794655 -0.43036748136488406
0.09603115334834156 0.017307449501678566
0.38304403910607987 -0.5675879573041084
-0.4529788127360257 -0.026429539528580234
1.0291599336885031 0.2704118260879379
1.1037878689676228 0.536980811889296
-0.861491271712384 0.9593594831856735

-0.22178062386747638 0.48057625312899604
0.23871999513290115 -0.21616993495951464
0.733157695656481 0.32505827588350383
0.11478725011910901 -0.451674386580555
0.018569418677239456 0.6190306758389243
2.0552334047916876 -0.4960843986008334
1.7676493699976628 1.5490687152811933
-0.3561819116064988 0.14222631839822045

-0.23688480997373354 -1.272068786356409
0.23978791337264252 -0.9910699124597429
1.2069184129411807 0.9712513989653424
0.5995666444902771 1.2028023850417087
-1.1257633240957607 -0.8013358403589456
-1.0145470405315173 -0.7808545684586562
0.8621021955118824 0.9237065546278179
1.2316417914602986 0.7800229116702767

-0.404018434221236 -0.946159256795773
-0.1952977956014378 -0.775704106925233
1.5437292570677525 0.3592378120047186
1.093857776700241 0.9108938263569468
-1.0068816107741607 -0.15481122230475353
-1.1342468496781246 -0.3166196654714946
0.5841955088140903 0.10067572460247368
1.0208279498728257 0.38436812519784974

-4.321735681142004 3.292818563495371
2.755218906904025 1.2118977245850018
3.4351015880402973 -2.219078035607799
6.134797565838663 0.3374778654027867
-0.891109289695383 3.7914301276122293
1.7151455091033483 -1.633276722217105
-0.2880585279081048 -2.6973363895708307
0.2547461750222635 -2.3430321547379447
