21

0.4185631723700748 0.42430611808432417
-0.08259059264032995 1.4556034001965572
0.2517368737379425 1.2793685847505327
-1.1103285569702086 -0.33523957227173135
-0.28797612216659846 0.6918162157633005
0.5652401565395042 0.14573009989043675
-0.5140508016975044 -0.1693650752935645
-0.8151902087690264 0.5771345335249409
0.013022587993707268 0.6061072853916584
1.4612503690153247 -1.3642270951853552
-0.44111723430167493 0.26340660990801995
0.7158538931832977 -0.8583583020020357
-1.040134471224333 0.5114925428067176
-1.9495222195887871 0.20928750806699134
0.10877839163710662 0.8173101197430441
-0.09747883796022498 -0.18959895197664384
-0.3523415285489235 0.6444818132851753
0.10943830338912458 0.009759509942127495
0.5149228203313533 1.1800954783483768
-0.1988219772933212 0.009946870006131389
-0.8783067653332554 -0.20106004003125424
