21

-0.12872833962102642 -0.32366673976365484
0.15412389670035448 -0.453637750612107
0.33071384724871317 0.25566282528440876
-0.93456633447467 0.03352231397090339
-1.211780306873331 0.148452888550311
0.7890051865123678 0.6125224282653228
-0.7297103630051247 -0.7230969934242695
-1.4453366050208234 -1.5463931867438983
-0.09610995549123477 0.3845147363233845
-0.17767513082058925 -0.43938069827084414
-0.3359929568339927 -0.15419126914687512
0.011053670487250969 -0.38973238683083306
0.2581339938789037 0.3480886824885192
-0.2446347896750569 0.36630866468335477
0.05611307993048768 0.9233579185887036
-1.2542242998099113 0.10363696161218883
1.1179598502253303 -0.4881547954538561
1.3632815777452008 0.32552246917603983
-1.463968819360651 -0.6955829189064494
-0.3886785379499353 0.1844750999113455
-1.6292637105793757 1.227649455860284
