69

-0.1370242721182049 0.1754667647501763
-0.06317078279565047 -0.3640962094139453
0.4340057844413979 0.07065748983529345
0.005419779275917733 -0.3827123055710194
-0.3350554335402837 -0.10224823411392646
0.2365646081709041 -0.05527911859535161
-0.014759496732690336 0.0058074953133464245
0.2275723695123318 -0.07678319639144725
0.010004832415060599 0.12927548384786886
-0.3260949625930327 -0.1430913349558744
-0.24042886452010176 -0.24638116357235
0.06387666641900291 0.08588662482836507
0.09721133632792765 -0.033523157120663734
-0.16689245588929008 -0.2720843533463398
0.022331252185716712 0.4351425374762481
0.07224435882863998 -0.6432163414366265
-0.3298187266374771 -0.3940322830605368
0.0820691035749844 -0.15858610836546008
0.006444597289038239 -0.0028366809984243257
0.34258934417688286 0.21178973147588767
0.25674144614017314 0.1911692069370039
0.4983403758546027 -0.3361906267226706
0.28096132004008106 -0.014846284455983065
0.06426801919870995 -0.24515607330554076
-0.1759801724510393 0.36206225731002917
0.24742135240158927 -0.2689883582729115
0.4782065001955491 0.6114552433954556
-0.2509034960196756 0.19671879909060136
0.1707712821372882 0.22041423893247314
-0.4420461840030938 0.32289117921293276
-0.07106633748127515 -0.06334206236756074
0.21855871000490973 0.3657508347322475
0.14832502472147646 -0.0006000335603004967
0.29096856030390034 -0.1586275493215137
0.026961314208324167 -0.17021852353804048
-0.013228370185188087 -0.11802158500863853
-0.1990374449917946 -0.18846812695912885
-0.19214427710767665 -0.10889279591311068
-0.30139519577481316 -0.22270593878257777
-0.6725950448280119 0.5543951720364896
0.08715176206515943 -0.35981248677767735
-0.011460058327967256 -0.28975748935322027
-0.2940392615375011 0.148648404229461
-0.22530677656125153 -0.0101669924153507
-0.4086078150399696 -0.5549631181149627
0.4317741934394972 0.005389373176381539
0.12437708413918472 -0.019910706840999076
0.09250852934000764 0.023420117391119342
0.038275554414557954 -0.04707007341068834
0.38084591391856737 -0.08030411587278821
-0.5450421902046672 0.13085215386337784
0.0044647336508633565 0.034599155276514616
-0.33875449003575636 -0.182715910739758
0.18173343285575502 0.14099406660789537
-0.07379990651374473 0.1918708479794206
-0.09707496477748725 -0.5528188840707824
-0.16272978370049418 -0.10447094085551775
0.16702257947113427 -0.3185182532315994
0.5850558643207012 0.11715193086713994
0.26026080855736317 0.013437462496501025
-0.034115593980155616 0.25765482443344756
-0.2717607572912633 -0.0580208801583791
0.2768777202187431 -0.07909632416643804
-0.2494673658956245 0.10161715128393277
0.2072442689190045 0.15242489761462957
-0.10628936872929187 0.18532899106925282
0.17527975597090922 0.022802172305985708
-0.2180993321600949 -0.26224836654164396
-0.06386592926222702 0.22954026817228962
