69

0.7490248292318512 -0.2909945000418172
0.6617482023475371 -0.19180920072105073
0.8178101779789315 0.10546444896606287
-0.3771308404149656 0.10860446663517537
0.3718765620704222 1.0168583783517384
0.025080862164246518 0.3848089697874264
0.14350517908310662 0.6348477405174591
-0.28238062800205244 0.014304736553030502
-0.3581761986551013 0.17476124488568406
-0.7362521211455234 -0.3879581955738854
0.41159194519928255 0.12627649012880166
-0.6667204853584617 -0.5657462917949814
-0.8855920472214327 0.4760872318198704
-0.5921183814400036 -0.6580575975248035
0.02478186297694026 -0.1014165108665361
0.00801235132742014 0.3216959731396531
0.10820543349722218 -0.6391885001434976
0.9988998577637999 -0.32244300731931436
-0.16870503607118575 0.17014112092994385
-0.5140661864556788 -0.5768028731763863
0.40750771867994945 0.1413345237333676
-0.12756999375397443 0.3631764029270836
0.7231177787252299 -0.016201796761691315
-0.14048996487738946 -0.5212702971847163
-0.5906517666505682 0.5757360592185486
0.5002516054663912 0.23604737416470384
0.10662874760444649 -1.0790034491088545
-0.18616177740771855 0.15269187447541363
-0.43733863753075786 0.5368120349608995
0.28413288096476486 -0.8860491233562979
-0.2676918542840102 -0.017681373992663865
0.37096325118955276 0.15970461435265873
0.5676552036148771 0.3067735258807479
0.5590379131933849 0.3637094249015818
0.17180689775142902 -0.014395896534385052
0.3448246930208419 0.09102305815836763
-0.17332424843338426 0.36882035829089266
0.10818364568367024 -0.26965307481326717
-0.41783411626225275 -0.7012486103128012
0.3282676823909092 0.03448998027736219
-0.03764641685196388 0.5289989426015989
0.30178544013436337 0.3706958514368315
-0.17672482695192973 -0.3520179213371064
-0.503384961426122 0.5952762404011193
1.1279504837466916 -0.07212986466407713
-0.45969537697839524 0.048425636639911986
0.01580931129834545 -0.6302592376066699
-0.13696034885192276 -0.43309196999805477
-0.5087767629030255 0.07681400020359998
0.15566688875887785 -0.11722936021383852
-0.20367894821816432 -0.23768219197971757
-0.05990338547326355 -0.5168106739436075
-0.17341883358231797 -0.49480934966569223
-0.8352562685148773 0.11547320191600935
-0.28384234018444754 -0.18339327111840686
-0.44769142129492207 -0.7808235621158446
0.7852860443995066 -0.019906250178327135
0.3928811763826161 0.26188038988447837
0.37726046412109704 -0.0752454306263069
-0.4080353322016816 0.2684534811935066
-0.1581087425452787 0.2027349462487135
0.0799035937081006 0.08526436754186259
0.09112048529863347 -0.3455056112210493
-0.04625543657935948 0.1745054114847108
-0.5081736492331356 0.19523411089571113
0.13208670514925222 -0.24667652004158666
0.3805223506844456 -0.443666615033368
1.2166842559009758 0.10636428561061434
-0.3425236010368083 -0.1448981831372699
