121

1.0 0.0
0.06999328947280692 0.14790298959875994
-0.6628977088530855 -0.9839371234195545
-0.3481709891975092 0.1365836539920876
-0.8524808010885928 1.2503849616720495
0.26777575012507804 0.5166976857331267
0.21475977805594526 -0.7043248363029745
-0.06945770522981289 0.8280909079627393
1.509323019459607 -0.17535925843483782
-1.1870942815438477 -0.9380191143068237
-0.39041413906984174 -0.6715587497273285
-0.1887699703622966 0.37338478480869713
-0.04847927580792172 -0.0004720927991040215
-0.5896240517777426 0.21964284530579134
-0.9124463818163279 0.5456990521328828
0.9711686734454568 0.002408603164362751
-0.2591688854934843 0.3997011777663013
0.03865517340361822 -0.1554180777168667
-0.7116090057955402 -0.6010539597110474
-0.23159835806098628 1.2382674084014436
-0.08680765022695808 -0.1506258210755439
1.4544398726139975 0.1998647428747189
-0.11412989091363976 0.15781363335986878
-1.0519588604302246 0.4894176168577127
0.5164441977082752 -0.16276610345398143
-0.39030045405887825 -0.09406715206049925
0.18812448000698972 0.36939708209152733
0.07555368678462357 -0.18905433061600468
-0.6721013355194074 -0.294502917270637
-0.47073950800207154 0.18987918565776438
-0.7779749419409412 -0.419205091520723
-0.3342282368013503 -0.8336173752450555
-0.04417302882394775 0.6599544717686239
-0.3391515656269951 -0.6582993081325722
0.11396843252734437 0.9991375826175273
0.040492622836693304 -0.7997755370609153
-1.3323408652968025 0.24003500545466808
0.5801454286310037 0.3748051160216955
-0.07910580680731642 1.4970362886155237
-0.5766658014633497 0.3927766486938746
-0.04342603935638673 0.11332597920740453
-0.1306883186474239 0.029170071914178152
1.9574537456303165 -1.4835490505439177
0.7164969620640782 -0.8749285399043412
-0.1775325820536009 -1.6208039234440663
-1.320994066114171 0.10632545823239785
0.1541560914970137 1.4479509523805851
0.27410055638155784 1.1774804106025323
-1.0368974050839026 -0.7993940825480269
-1.3382308106794842 -0.10433775618540404
-0.34616622686511556 0.4856948716540487
-0.13281702678704962 0.6319499179577551
0.39439704415510307 -1.6728020113059663
-0.6971702926935677 -1.3088654354932228
1.0793831007563968 0.08506637209612085
0.17198067898261654 -0.28535587908362053
1.2974662068915912 -0.9976479658924833
-0.5112910402863865 0.05325647386593044
0.0991158891345558 0.10890500802387719
0.2519342969921651 -0.35516320167932336
0.05052271239357121 0.30493322662659333
0.9348304797241257 -1.231478350763276
-1.362247578471385 -0.9680500136519541
-0.34277594037746356 1.8482092629690474
0.8803923667283788 -0.13809826312358442
0.5490436462091961 -0.03114970672460727
0.7446260461125267 0.16511472814457348
0.2294457453113147 -0.4898572331082223
1.0631896585977476 -0.16424620598761777
-0.7599618569370795 0.3317513491195986
0.13944195930586342 -0.025474581941376008
0.03521989379992396 -0.5248519462293649
-1.229940531752156 0.8262305450947188
1.1706519459418152 0.9094263148873645
-0.18619237566664362 -0.06917953051805989
-0.8841857384583963 0.21540269469856352
0.5484305385164767 -0.37098191157919225
-0.07967370354626992 0.4883117996658758
-0.12767218943215947 0.09903216087849581
-0.019095525047795475 0.2130232313980718
1.059742586704426 -0.12008758759115831
-0.04702551092628031 -0.5777722146171382
-0.23776113806847937 -0.7528998540442994
0.34867609535371924 1.7559145956611462
2.118608577476822 0.08885015978263472
0.2928479533336797 -0.6794057495677347
-0.2238115687179907 -1.623676270319763
1.045403478811084 -0.06111721908447242
-0.12762793587983254 0.9887755398830544
0.48292056406727285 0.10276293023679424
-0.9020402040544077 0.2532389278969866
-0.6385393824462383 -0.06280076116936016
-0.16352265886731615 0.4819804434543696
0.310102020326128 -0.5231408052494047
-0.18909403148486859 -0.01500740024659354
0.06183452219317068 0.2767522086775441
-0.8822407638262272 -0.07058841359037171
-0.821142521171598 0.32531048452224737
-0.40799662352454286 0.43936213523985945
0.5700051924804994 -0.3553151598287294
-1.0202471651211533 1.0672260727550569
0.5660855525942984 0.8439764939504962
-0.2699096916094171 -0.5762436110663787
-0.2769844992086839 0.20601325580825552
-0.46731688708933217 -0.7167196348512689
0.8145501998972466 0.029526148614583428
0.4884190719146368 -0.3648921480464679
-0.07471597941572321 0.46505317750541825
0.8474436691763699 -0.6542171937639945
-0.1892056584417753 -0.22163321133696537
-0.3298440492494091 -0.15231813407121567
0.8086277094101857 0.7095057295604801
-0.7373444987863391 0.6397176189150113
0.04672293679638052 0.5970393404349175
-0.3076344417335404 -1.6105439437618123
-1.1125914500489533 -0.5375000603180263
-1.276415485001997 -0.23704666798515123
0.06617446556799167 -0.1607327594800105
0.3073428966695887 0.15181875878690482
-0.8370290180324264 -0.031829080600188506
-0.7520095092842944 -0.006476494371540887
