21

-0.32542551306193485 0.6358504226156426
-1.0682813458289593 -0.09824923685136161
-0.2599482142725169 -0.5930857863904747
0.6664147582845887 -0.09123565649601892
-1.6208600097701658 -0.3347359799819296
-0.4511679989907287 -0.3802610157756842
1.6743973309775504 -0.24992934041214673
0.026736903564452744 -0.6333293290229469
-0.9353819100367412 -0.12850908520382354
-0.8659798696769019 -0.48638470035699455
-1.2272985096498545 -0.45206473461007374
0.2020544773857232 -0.6064411870343094
-0.623749579910713 1.1922568600547925
-0.012314211590340718 0.1189317254664582
1.0385562736938883 0.45301636366979786
-0.3898857985578948 -0.2807100722650673
-1.551407156152181 -0.11999328423905746
-0.561532227730527 0.6607696384838591
-1.2009947128525076 0.4712175998930156
-0.6729715668167527 0.4451671140696157
0.17611809925604613 -0.8644411968404583
