69

-0.273635458887796 -0.06775243423895316
-0.011846851652547076 0.09792162245375761
0.08663316597774245 0.24058737357966947
0.20161714542068646 -0.30866469081893283
-0.2915910352254546 -0.3030373385426371
0.3111662900649619 0.06797542086680466
-0.07827667453148025 -0.1550983855487094
0.21062486225557217 0.059882506074793666
0.27856785167870723 0.35176144250022345
0.03276616552411386 -0.12949461461760242
0.02421625158246757 0.23711774105815675
0.26730615962406906 0.2664875183299057
0.10356652173163688 0.23025483759973542
0.31935112393063575 0.3308644384618645
0.05691639381573131 -0.03477586065331564
0.1273906741049013 0.027948572978608366
0.10629562793711865 -0.09114642364995612
0.22628420726008178 0.03283672587912659
0.08706603879984043 -0.001482766747646906
0.12166239150038702 0.19401970685953862
0.0293298375240844 0.07944826443373225
-0.006344768948387276 0.15701051487840526
-0.2045476127902485 -0.29735905969899495
0.12885307930390577 -0.32732047537929454
-0.17914470150850692 -0.08246703407951016
0.2417850916885804 0.17941191730584607
-0.20309127540732308 0.3892904081420781
-0.06351541521704929 -0.15592939817438833
0.11641445247419849 -0.20218975798618932
-0.17844579192777404 0.003699650387796098
-0.034107790509621115 -0.06442131779203392
-0.25947277506353456 -0.043844764797342735
-0.13840824868450485 -0.4028905212489653
0.05190210098583913 -0.2242455097679198
-0.4592041620587422 -0.25370993996802366
0.100735016188593 -0.019469685235308447
0.22022738406475903 -0.013857605511471959
0.21403558589830315 -0.25850045910025454
-0.04946275127881456 -0.061197281498337815
0.03180173877288548 0.02013980290586373
-0.1547025058812109 -0.5573178005927597
0.2850584048718245 0.5320037160440274
-0.08745474820005827 -0.2971903117420227
0.22111435080971378 -0.02822270473498062
-0.08175249531589761 0.041640143632947324
-0.2867505504851191 0.07676998103810395
-0.18521388507365874 0.015028985444045573
0.42293166853656095 -0.06791689149704358
0.14646689722373804 -0.2871746856007512
0.031487684085361844 0.18144861294812153
-0.10987197406823974 -0.26369058235313236
-0.051821296750745864 -0.1349478927672684
-0.0736586230344098 -0.359214324466487
0.046830712763392845 -0.14626912073421577
0.12288461703458384 -0.02557367873951241
-0.05605854400063213 -0.07642827597663791
-0.31681577753534357 0.023052732335406282
0.19372328123009208 0.003064757121786881
-0.05624776854630381 0.10141587460975283
-0.13268153478220437 0.17843363857781436
0.11049193985152128 0.387953715218807
0.23929147066151465 0.36600017655778
0.3030355026666242 0.04596677974744089
-0.24840468511925562 0.013800304821779004
0.07017367334342992 0.0517129396163441
-0.48551202054006604 0.11561748471892667
-0.17421013064254257 -0.1437684870112188
-0.0010102994146811172 0.0886192569254505
-0.14678405373738854 0.1590845099543955
