69

-0.09144453870484226 -0.09182267210719983
0.0664935536397784 -0.058784886731548705
-0.3611051057649334 -0.1300800817781141
-0.06459389882941007 0.46609369550212826
-0.21571044617390323 0.2794481777279007
-0.0032322713456067686 0.15293226831481072
-0.15484132562269723 -0.030673570226190938
0.10858815607159684 -0.12311232241056419
0.21098115094511188 -0.11224061603968584
-0.1706494511898465 0.00046386794764173323
-0.0550831002413305 0.03318395125621761
-0.2097893237171638 -0.00851933877140181
-0.17313102618946094 0.03670905840486902
0.4288160704749162 -0.3328834177884018
0.04853930388458573 -0.044217612518104826
0.18328520301255266 0.16727649993203944
-0.1413235936577018 -0.3156023143256929
-0.0984010133354539 0.08527978071400669
-0.26924180369262857 -0.14740665712978118
0.4403736816976714 -0.15426475701459305
-0.1498359307646427 0.07863376615248788
0.055305837720214295 -0.17962406319060506
0.10883173002976297 0.01369674828023665
0.119532373156751 0.04661913779610343
0.10372830750940658 0.04221773820938029
-0.15757275300772774 0.054078225338901095
0.08264789411582019 -0.09078981910274085
-0.2117512837520389 -0.280173387565793
-0.16564995840903352 0.21119975086522605
-0.1042123879088743 -0.12363127279296768
-0.07297888986222296 -0.20873467512552882
0.08203717252046351 0.07182586790314853
-0.06739692663932609 -0.37347578149657046
-0.0783487918360066 0.04883579355689173
0.1107981715073583 0.034157757906453964
-0.3274685682591326 -0.026438442134462295
-0.08330811170211364 -0.14850808181512853
-0.0067270888422452735 0.2378863448189761
0.08993637008149212 -0.171238662384033
-0.35223240257953653 -0.18681760349876303
-0.09110025756144663 -0.06028918893404076
0.2456679354988501 0.028305345262003578
0.2212903786785219 0.14437840444245614
0.20099426313917973 0.06584288136587899
0.08692240797571898 0.08258734115620867
-0.08289104848943066 0.16048567076577655
0.1545858793531623 -0.19349788518640926
0.15613652381004484 -0.14906849215587312
-0.1597524394268916 0.02037335356641911
0.05103547899374103 0.4606733810179686
0.09836350060012472 0.22070461027502042
0.17532914660269183 -0.1985889828489056
-0.06748281383576511 -0.18499910775479464
0.4287163127660081 0.002031434601850599
0.014549468588667767 -0.011782478240268833
-0.08020836681808387 -0.09604090517774756
-0.12388338843865986 -0.2798533477874216
-0.016407045987316415 0.28269867007213956
0.26094944776328216 0.005466142585725507
0.04399436424913657 -0.045148155123006
-0.09910514465772553 -0.028586983223693553
-0.14501612206795164 0.25538058135422564
0.2177183389335151 0.04350455668741965
-0.14272893346301832 0.2815676364916692
-0.11549921931964409 0.1586951521005267
-0.08365550976741282 0.04160770008952759
0.0756071592847841 -0.08024681643342862
0.059132351775485696 0.05834632063741212
0.316295421046185 0.15742869449961916
