69

-0.1494051171998276 -0.4510472116158941
0.3442399224656497 -0.006068800989570092
-0.3265666671859626 0.47054886790184747
0.3028836143756801 -0.3856592452703872
0.6541506815999745 -0.06621048632037523
1.0236123175192915 -0.1203427377963376
-0.2885205702257288 0.07871680154537856
0.1338451986435811 0.7024954433004565
0.10755173638860654 -0.12948908071767903
-0.06328559965727833 -0.10555231424145334
0.15992271939639707 -0.14614157004680495
-0.37910798371336557 0.46144112859286857
0.47329573340863257 -0.16032592821406552
-0.3401517273221926 -0.2888740948083264
-0.5437720984469208 -0.19543925841798185
0.2764181480177658 -0.18158794394410133
-0.3662916671927709 -0.022008981869279378
-0.23927029923836732 0.01860183065863498
-0.6037140638419163 0.350801945900526
0.12648787895313077 -0.24454197433425018
-1.0365540887357523 0.23961285844818925
0.14007616515953866 0.13804954957590834
-0.1695466508654199 0.14607301051778387
-0.24853702220620436 -0.2879339366759699
-0.02091691890624026 -0.06523265424544243
0.5915752462920345 -0.15059822217770505
-0.4253746030778098 0.00015782378296858154
-0.5224301598836518 0.28252796818455
0.061161794423414774 0.5606323821228211
0.4600194547148015 -0.24937843019978678
0.7112831727576965 -0.34437037886335253
-0.32321288938192266 0.3841547645017519
0.5592524469157892 0.8770511197344386
-0.073619725811375 -0.08117242102647183
0.12201940108988353 -0.21466256261984162
-0.039745180013300935 -0.11881937900644
0.726166115702316 0.00664315407769793
0.2966947507765038 -0.6273511750047842
-0.30334196370463795 0.4822408599366278
-0.012859561632719216 -0.2410252226129016
-0.272140282602308 -0.021650910600541327
-0.22998706358562904 0.1075884376755923
-0.13089393556207962 0.060094484235294225
0.23612181428977044 -0.30893288952144526
0.7642027682797801 -0.41132382516347765
-0.2291867863058353 0.05890281122685926
0.3368612837466691 0.006959268759664625
-0.2520535639136567 -0.15782979383506635
0.18844319224343953 0.44835854920210305
0.9228230778682007 -0.7991053150525802
-0.4489383011422199 0.49739248382150086
-0.06696835288800705 0.35117004695652126
-0.22263866509513833 -0.5990644009120002
-0.013299530717799936 -0.2440943463831869
-0.04833178506666262 -0.04787571088910515
0.24068519967531163 0.6450908995566845
-0.3714884198277534 0.13157820812625243
0.14854907771386575 -0.2744082470057683
0.29374610112272276 0.17139265221674554
0.011417344306381874 0.07162742847367415
0.06485108655304403 0.47895393974610906
-0.08001334432879505 -0.0076441830510649185
-0.2681302956996399 -0.209560016240044
0.70991591582323 0.0887309049307678
0.20100431221074264 -0.14037033899487578
-0.4431521019998223 0.08128007793674408
0.18178289764612082 -0.04885635952616346
-0.18595269492004596 0.3302174007890823
-0.5869968750831667 0.051886859486966204
