69

-0.11991874457479511 -0.5142519496272888
0.291809143512777 0.2317917397222434
0.009688634966684935 -0.9811063227543719
0.29486101052713737 -0.4637497104141856
0.44312055763275754 -0.22200860757514088
0.32269775320809774 -0.23170405670128236
-0.6075763050783816 0.3254747727332116
-0.08409071835513934 0.3268804849470155
-0.11091808738083167 -0.07937760403806572
0.28376672308035167 -0.09607706799058623
0.2104302931050896 -0.0075351785039268785
-0.8244284872713522 -0.3604206701553184
-0.2040780598621706 -0.2208320650324197
-0.3688163548990355 0.5100996934544986
-0.4697438454513593 -0.10637324763622721
-0.47034405853077516 0.24270772166149315
-0.7219431943354692 0.1533794858502794
-0.2950889010880475 -0.683804157852596
-0.40330612557575873 -0.0878221378897376
-0.24265089035048856 -0.07915060968946319
0.15913125259836738 -0.05581157638275255
0.42315839592077464 0.15072722170625127
0.005922616222547948 0.2430750803222316
-0.48120893425160327 -0.44929007177744085
0.03059322831172583 0.43580342196603766
0.04534456113133387 -0.42537550728121193
-0.6784598950882113 -0.04985929148827636
-0.06325929310449968 -0.1619355436671369
-0.10585615882732902 -0.3355912799832356
-0.2557511716009795 -0.5924470547667015
-0.1758768994163468 0.5286805675518274
0.06583037399121128 -0.15064353340001857
0.06475392220251806 -0.18608034126504566
-0.4385670041751509 -0.35282628167779706
-0.16328001192596703 0.5375091595697291
-0.1143882747852224 0.2340377583196838
0.9095291821871762 0.753420768055332
-0.4409252808075573 -0.3078339070755261
0.17859885559504704 0.18940654550850206
-0.49578697856641074 -0.9075404681004975
-0.32890225956826025 -0.1566325187055969
0.7596515831709966 -0.47177878316915933
0.02571680106959809 -0.33713195461877116
-0.1999084984860984 -0.4767875737199055
-0.1608765400843138 0.4622963204543235
0.04231972385705301 0.44542929081151417
0.036865619986321395 -0.3042863894852212
-0.19844524503761585 -0.7239447402765024
0.21958884278237079 -0.16657469072418787
0.4454247430151054 0.2223915380333344
-0.10910683280545164 -0.21097330129272546
-0.1490685917887583 0.09468174161041888
-0.30119076637397796 -0.08255357318349515
-0.5165883490393522 0.20465282322378153
0.0053979160343139935 0.5327139789796059
-0.18095345547723962 -0.06448659182582178
0.2619451431414648 -0.25952537332988124
0.21173671512974954 -0.13867996347859202
0.14015527944050726 0.022074626919664258
-0.00832306257481261 1.0137796534863612
0.06702902952087667 0.3040968390787732
0.14072860307508406 -0.09957907269294689
-0.21082398366950375 -0.3183252593702713
-0.06065372939113353 0.5529925386328417
0.3351705146892164 -0.7002469673432217
-0.4326549962240624 0.46220347414273855
-0.32181403865861585 -0.3639377641618108
0.6275511003522224 -0.6141888305994504
0.39276596319599044 -0.07136630992569662
